00 30 00
00 00 00
00 00 00
00 00 00
02 00 02
09 00 09
09 00 09
09 00 09
09 06 09
09 00 09
09 00 09
00 00 00
00 00 00
00 00 00
00 00 00
00 10 00
00 00 00
00 10 00
00 00 00
00 10 00
00 00 00
00 10 00
00 00 00
00 10 00
00 00 00
00 00 10
00 00 00
00 02 10
00 09 00
00 09 10
00 09 00
00 09 10
00 09 00
00 09 10
00 00 00
00 00 10
00 00 00
00 00 10
00 00 00
00 00 10
00 00 00
00 00 10
00 00 00
00 00 10
00 00 00
00 00 00
00 00 00
00 00 00
00 00 02
00 00 09
00 00 09
07 00 09
00 00 09
00 00 09
00 00 09
00 00 00
00 00 02
00 00 09
00 00 09
00 00 09
00 00 09
00 00 09
50 00 09
00 00 09
00 00 00
00 02 02
00 09 09
00 09 09
00 09 09
00 09 09
00 09 09
00 09 09
00 09 09
00 00 00
00 00 00
00 00 00
00 00 00
00 00 00
00 00 00
00 00 00