00 00 00
00 00 00
00 00 00
00 00 00
00 00 00
00 00 00
00 00 00
00 00 00
07 00 06
00 00 00
00 00 00
00 00 00
00 00 00
00 00 00
00 00 00
00 00 00
00 00 00
00 00 00
00 00 00
00 00 00
00 00 00
00 00 00
00 00 00
00 00 00
00 00 00
00 00 00
00 00 00
00 00 00
00 00 00
00 00 00
00 00 00
00 00 00
10 00 00
00 00 00
10 00 00
00 00 00
10 00 00
00 00 00
10 00 00
00 00 00
10 00 00
00 00 00
00 00 010
00 00 00
00 00 00
00 00 00
00 00 00
00 00 00
00 00 00
00 00 00
00 10 00
00 00 00
00 10 00
00 00 50
00 10 00
00 00 00
00 10 00
00 00 00
00 10 00
00 00 10
00 10 00
00 00 10
00 00 00
00 00 10
00 00 00
07 010 17
00 00 00
00 00 10
00 00 00
00 00 10
00 00 00
10 00 10
00 00 00
10 00 10
00 00 00
10 00 00
00 00 00
10 00 00
00 00 00
00 00 00