00 00 00
00 00 00
01 00 01
09 00 09
09 00 09
09 00 09
09 00 09
09 00 09
09 00 09
22 00 22
09 00 09
29 00 29
09 00 09
29 00 29
09 00 09
49 00 49
09 00 09
00 00 00
00 00 00
00 00 00
00 00 00
00 00 00
00 00 00
00 00 00
00 00 00
02 00 02
09 00 09
09 00 09
09 00 09
29 00 29
09 00 09
29 00 49
09 00 09
00 00 00
00 00 00
00 00 00
00 03 00
00 09 00
00 09 00
00 09 00
00 09 00
00 09 02
00 09 09
00 09 09
00 00 29
00 00 09
00 00 29
00 00 09
00 00 29
00 00 02
00 00 29
00 00 09
00 00 29
00 00 09
00 00 29
00 00 09
00 00 09
00 07 00
00 00 00
00 00 00
00 00 00
00 00 00
00 00 00
00 00 00
00 00 00
00 00 00
00 00 00
00 00 00
00 00 00
07 00 02
00 00 09
00 00 09
00 00 09
00 00 09
00 00 09
00 00 09
00 00 00
00 00 00
00 00 00
00 00 00