00 00 00
00 00 10
00 00 00
00 00 10
00 00 00
07 00 10
00 00 00
00 00 10
00 00 00
00 00 10
00 00 00
00 00 10
00 00 00
00 00 00
00 10 00
00 00 00
00 10 02
00 00 09
00 10 09
00 00 09
00 10 09
00 00 09
00 10 09
00 00 09
00 00 00
10 00 00
00 00 00
10 00 00
00 00 00
10 00 00
00 00 00
00 10 00
02 00 00
09 10 00
09 00 00
09 10 00
09 00 00
09 00 50
09 00 00
09 00 00
00 00 00
00 02 00
00 09 10
00 09 00
00 09 10
00 09 00
00 09 10
00 09 00
00 09 10
00 00 00
02 00 10
09 00 00
09 00 10
09 00 00
09 00 10
09 00 00
09 00 10
09 00 00
00 00 10
00 00 00
00 00 10
00 00 00
00 00 10
00 00 00
00 00 10
00 00 00
00 00 02
00 00 09
00 00 09
00 00 09
00 00 09
00 00 09
00 00 09
00 00 09
00 00 00
00 00 00
00 00 00
00 00 00
00 00 00
00 00 00