00 00 00
00 00 00
00 00 00
00 00 00
00 00 00
00 00 00
00 00 01
00 00 09
00 00 09
00 00 09
00 00 09
00 00 09
00 00 09
02 00 02
09 00 09
09 00 09
09 00 09
09 00 09
09 00 09
09 00 09
00 00 29
02 00 02
09 00 29
09 00 09
09 00 29
09 00 09
09 00 29
09 00 09
09 00 29
02 00 02
09 06 29
09 00 09
09 00 29
09 00 09
09 00 29
09 00 09
09 00 29
02 00 02
09 00 29
09 00 09
09 00 29
09 00 09
09 00 29
09 00 09
09 00 29
02 00 00
09 00 00
09 50 00
09 00 00
09 00 00
09 00 00
09 10 00
09 00 00
00 10 00
00 00 00
00 10 00
00 00 00
00 10 00
00 00 00
00 10 00
00 00 00
00 10 00
00 00 00
00 02 00
00 09 00
00 09 00
00 09 00
00 09 00
00 09 00
00 09 00
00 00 00
00 00 00
00 00 00
00 00 00
00 00 00
00 00 00
00 00 00
00 00 00
00 00 00
00 00 00