00 30 00
00 00 00
00 00 00
00 00 00
00 00 00
00 00 00
00 00 00
00 00 00
00 06 00
00 00 00
00 00 00
00 00 00
00 00 00
00 00 00
00 00 00
00 00 00
00 00 00
10 00 50
00 00 00
10 00 00
00 00 00
10 00 00
00 00 00
10 00 00
00 00 00
10 00 00
00 00 00
10 00 00
00 00 00
10 00 00
00 00 00
10 00 00
00 00 00
10 00 00
00 00 00
10 00 00
00 00 00
10 00 00
00 00 00
00 00 00
00 00 00
00 00 00
30 00 00
00 00 08
00 00 00
00 00 00
00 00 00
00 00 00
00 00 00
00 00 00
06 00 00
00 00 00
00 00 00
00 00 00
00 00 00
00 00 00
00 00 00
00 00 00
00 00 00
00 03 00
00 09 00
00 09 00
00 09 00
00 09 00
00 09 00
00 09 00
00 00 00
00 00 00
00 00 00
00 00 00
00 00 00
00 00 00
04 00 08
79 00 00
79 00 00
79 00 00
00 00 00
00 00 00
00 00 00
00 00 00