00 10 00
00 00 00
00 10 00
00 00 00
00 10 00
00 00 00
00 10 00
00 00 00
00 00 00
10 010 010
00 00 00
10 00 00
00 00 00
10 00 00
00 00 00
10 00 00
00 00 00
10 00 00
00 00 00
00 00 00
00 00 00
00 00 00
00 00 00
00 00 00
00 00 00
00 10 00
00 00 00
00 10 00
00 00 00
00 10 00
00 00 00
00 10 00
00 00 00
00 10 00
00 00 00
00 00 00
00 00 00
00 00 00
00 00 00
10 10 10
00 00 00
10 10 10
00 00 00
10 10 10
00 00 00
10 10 10
00 00 00
10 10 10
00 00 00
10 10 10
00 00 00
10 10 10
00 00 00
17 17 17
00 00 00
10 10 10
00 00 00
10 10 10
00 00 00
10 10 10
00 00 00
10 10 10
00 00 00
10 50 10
00 00 00
00 00 00
00 00 00
00 00 00
00 00 00
00 00 00
00 00 00
00 00 00
00 00 00
00 00 00
00 00 00
00 00 00
00 00 00
00 00 00
00 00 00
00 00 00