00 00 00
00 00 00
00 00 00
00 00 00
00 00 00
00 01 00
00 09 00
00 09 00
00 09 00
00 09 00
00 09 00
00 09 00
00 00 00
00 22 02
00 09 09
00 29 09
00 09 09
04 29 09
09 09 09
09 49 09
09 09 09
00 00 00
00 00 00
00 00 00
00 00 00
00 00 00
00 00 00
00 00 00
00 00 00
00 00 00
00 00 00
00 02 00
00 09 00
00 09 00
00 29 00
00 09 00
00 29 07
00 09 00
00 29 00
00 00 00
00 22 00
00 09 00
00 29 00
00 09 00
00 29 00
00 09 04
00 29 09
00 09 09
50 00 09
00 00 00
00 00 00
00 00 00
00 00 00
00 00 10
00 00 00
00 00 10
00 00 00
00 00 10
00 00 00
00 00 10
00 00 00
08 00 17
00 00 00
00 00 10
00 00 00
00 00 10
00 00 00
00 00 00
00 00 00
00 08 00
00 00 00
00 00 00
00 00 00
00 00 00
00 00 00
00 00 00
00 00 00
00 00 00
00 00 00
00 00 00