00 00 00
00 00 00
00 00 00
00 00 00
00 00 00
00 00 00
00 00 00
00 00 00
00 00 00
06 00 02
00 00 09
00 00 09
00 00 09
00 00 09
00 00 09
00 00 09
00 00 09
00 00 00
00 00 00
00 00 00
00 00 00
00 00 00
00 00 00
00 00 00
00 00 00
00 00 00
00 00 00
00 00 00
00 00 00
00 00 00
00 00 00
00 00 00
00 00 00
00 00 00
00 01 06
00 09 00
00 09 00
00 09 00
00 09 00
00 09 00
00 09 00
00 00 00
00 02 00
00 09 00
00 29 00
00 09 00
00 09 00
00 29 00
00 09 00
00 29 00
00 02 00
00 29 00
00 09 00
00 29 00
00 09 00
00 29 00
00 09 00
50 29 07
00 00 00
00 00 00
00 00 00
00 00 00
00 00 00
00 00 00
00 00 00
00 00 00
00 00 00
00 00 00
00 00 00
00 00 00
00 00 00
00 00 00
00 00 00
00 00 00
00 00 00
00 00 00
00 00 00
00 00 00
00 00 00
00 00 00