00 00 00
00 10 10
00 00 00
00 10 10
00 00 00
00 113 113
00 00 00
00 10 10
00 00 00
00 00 00
00 00 00
00 00 00
00 00 00
00 00 00
00 00 00
00 00 00
00 00 00
00 00 00
00 00 00
00 00 00
00 00 00
00 00 00
00 00 00
00 00 00
00 00 00
00 00 00
00 00 00
00 00 00
00 00 00
00 00 00
00 00 00
00 00 00
00 00 00
00 00 00
00 00 00
00 00 00
00 00 00
00 00 00
00 00 00
00 00 00
00 00 00
00 00 00
00 00 00
00 00 00
00 00 00
00 00 00
00 00 00
00 00 00
00 00 00
00 10 00
75 00 00
09 10 00
79 00 00
09 10 00
00 00 00
02 10 00
09 00 00
09 10 00
09 00 00
09 10 00
09 00 00
09 00 00
09 00 00
00 00 00
00 00 00
00 00 10
00 00 00
10 00 10
00 00 00
10 00 10
00 00 00
10 00 10
00 00 00
10 00 10
00 00 00
10 00 00
00 00 00
00 00 00
00 00 00
00 00 00