00 00 00
00 00 00
00 00 00
00 00 00
00 00 00
00 00 00
10 00 00
00 00 00
10 00 00
00 00 00
10 00 00
00 00 00
10 08 00
00 00 00
10 00 00
00 00 00
10 00 00
00 00 00
10 00 00
00 00 00
00 00 00
00 00 00
00 00 00
00 00 06
00 00 00
00 00 00
00 00 00
00 50 00
00 00 00
00 00 00
00 00 00
00 00 00
00 10 00
00 00 00
00 10 10
00 00 00
00 10 10
00 00 00
00 10 10
00 00 013
00 10 10
00 00 00
00 10 10
00 00 00
00 10 00
00 00 00
00 10 00
00 00 00
00 10 00
00 00 00
00 00 00
00 00 00
00 00 00
03 00 00
09 00 00
09 00 00
09 00 00
09 00 00
09 00 00
09 00 00
09 00 00
00 00 00
00 00 00
00 00 00
00 00 00
00 00 00
00 00 00
00 00 00
00 00 00
00 00 00
00 00 00
00 00 00
00 00 00
00 00 00
00 00 00
00 00 00
00 00 00
00 00 00
00 00 00
00 00 00