00 00 00
00 00 00
00 00 00
00 00 00
00 00 00
00 00 00
00 00 00
00 00 00
00 00 00
00 00 00
00 013 00
00 00 00
00 00 00
00 00 00
00 00 00
00 00 00
00 00 00
00 00 00
01 00 00
09 00 00
09 00 00
09 00 00
09 00 00
09 00 00
09 00 00
22 00 02
09 00 09
29 00 09
09 00 09
29 00 09
09 00 09
49 00 09
09 00 09
00 00 00
00 00 00
00 00 00
00 00 00
00 00 00
00 00 00
00 00 00
00 00 00
00 00 00
02 00 00
09 10 00
29 00 00
09 10 00
29 00 00
09 10 00
29 00 00
09 10 00
00 00 00
00 10 00
00 00 00
00 10 00
00 00 00
00 10 00
00 08 04
00 10 09
00 00 09
00 10 09
00 00 00
50 10 00
00 00 00
00 10 00
00 00 00
00 10 00
00 00 00
00 10 00
00 00 00
07 10 00
00 00 00
00 10 00
00 00 00
00 10 00
00 00 00
00 10 00
00 00 00
00 00 00
00 00 00
00 00 00