00 00 00
00 00 00
00 00 00
00 00 00
00 00 00
00 00 00
00 00 00
00 00 00
04 00 06
09 00 00
09 00 00
09 00 00
00 00 00
00 00 10
00 00 00
00 00 10
00 00 00
00 00 10
00 00 00
00 00 10
00 00 00
00 00 10
00 00 00
00 02 10
00 09 00
00 09 10
00 09 00
00 09 10
00 09 00
10 09 10
00 09 00
10 00 10
00 02 00
10 09 10
00 09 00
10 09 10
00 09 00
10 09 00
00 09 00
10 09 00
00 00 00
10 00 00
00 00 00
10 00 08
00 00 00
00 10 00
00 00 00
00 10 00
00 00 00
00 10 00
07 00 00
00 10 00
00 00 00
00 10 00
00 00 00
00 10 00
00 00 00
00 10 00
00 00 00
00 10 00
00 00 00
00 10 00
00 00 30
00 00 00
00 00 00
00 00 00
00 00 00
00 00 00
00 00 00
00 00 00
00 00 06
00 00 00
00 00 00
00 00 00
00 00 00
00 00 00
00 00 00
00 00 00
00 00 00
00 00 00