00 00 00
00 00 00
00 00 00
00 00 00
00 00 00
00 00 00
00 00 00
00 00 00
00 00 00
01 00 00
09 00 00
09 00 00
09 00 00
09 00 00
09 00 00
09 00 00
02 00 00
09 00 00
09 00 00
09 06 010
09 00 00
09 00 00
09 00 00
09 00 00
02 10 00
09 00 00
09 10 00
09 00 00
09 10 00
09 00 00
09 10 00
09 00 00
00 10 00
00 00 00
00 10 00
00 00 00
00 10 00
00 00 00
00 10 00
00 00 00
00 10 00
00 00 00
00 10 00
00 00 00
00 10 00
00 00 00
00 10 00
00 00 00
10 00 00
00 00 00
10 00 00
00 00 00
10 00 00
00 00 00
10 00 00
00 00 00
17 08 74
00 00 09
10 00 79
00 00 09
10 00 00
00 00 00
10 00 00
00 00 00
00 00 00
00 00 10
00 00 00
00 00 10
00 00 00
00 00 10
00 00 00
00 00 10
00 00 00
00 50 10
00 00 00
00 00 10
00 00 00
00 00 10
00 00 00
00 00 00