00 00 00
00 00 00
00 00 00
00 00 00
00 00 00
00 50 00
00 00 00
00 00 00
00 00 00
00 00 00
00 00 00
00 00 00
00 00 00
00 00 00
00 00 00
00 00 00
00 00 00
00 00 00
00 00 00
00 00 00
00 00 00
00 10 00
00 00 00
00 10 00
00 00 00
00 10 00
00 00 00
00 10 00
00 00 00
00 10 00
00 00 00
00 10 00
00 00 00
00 10 00
00 00 00
00 10 00
00 00 00
00 10 00
00 00 00
00 10 00
00 00 00
00 00 00
00 00 00
00 00 00
00 00 00
00 00 00
00 00 00
00 00 00
00 00 00
03 00 00
09 00 00
09 00 00
09 00 00
09 00 00
09 00 00
09 00 00
09 00 00
00 00 00
10 00 00
00 00 10
10 00 00
00 00 10
10 00 00
00 00 10
00 00 00
00 00 10
00 00 00
00 00 13
00 00 09
00 00 19
00 00 09
00 00 09
00 00 09
00 00 09
00 00 09
00 75 03
00 09 09
00 79 09
00 09 09
00 00 09