00 00 00
00 00 00
00 10 00
00 00 00
00 10 00
00 00 03
00 10 09
00 00 09
00 10 09
00 00 09
00 10 09
00 00 09
00 00 09
00 00 00
00 00 10
00 00 00
00 00 10
00 00 00
00 00 10
00 00 00
00 05 10
00 09 00
00 09 10
00 09 00
03 00 10
09 00 00
09 00 10
19 00 00
09 00 50
19 00 00
09 00 00
19 00 00
00 00 00
10 00 00
00 00 00
10 00 00
00 00 00
10 00 00
00 00 00
10 00 00
00 00 00
10 00 00
00 00 00
10 00 00
00 00 00
00 00 00
00 13 00
00 09 00
00 19 010
00 09 00
00 19 00
00 09 00
00 19 00
00 09 00
00 10 00
00 00 00
00 00 00
00 00 00
00 00 00
00 00 00
00 00 00
00 00 00
00 00 00
00 00 00
00 00 00
00 00 00
00 00 00
00 00 00
00 00 00
00 00 00
00 00 00
00 00 00
00 00 00
00 00 00
00 00 00
00 00 00
00 00 00
00 00 00
00 00 00
00 00 00