00 00 00
00 00 01
00 00 09
00 00 09
00 00 09
00 00 09
00 00 09
00 00 09
00 00 22
00 00 09
00 00 29
00 00 09
00 00 29
00 00 09
00 00 29
00 00 09
00 00 02
00 00 09
00 00 09
00 00 09
00 00 09
00 00 09
00 00 09
00 00 09
00 05 02
00 79 09
00 09 09
00 79 09
00 00 09
00 00 09
00 00 49
03 00 09
09 00 00
09 00 00
09 00 00
09 00 00
09 00 00
09 00 00
09 00 00
00 00 00
00 00 02
00 00 09
00 00 09
00 00 09
00 00 09
00 00 09
00 03 09
00 29 09
00 09 00
00 29 00
00 09 00
00 29 00
00 09 00
00 29 00
00 00 00
00 00 00
00 00 00
00 00 00
00 50 00
00 00 00
00 00 00
00 00 00
00 00 00
00 00 00
00 00 00
00 00 00
00 00 00
00 00 00
00 00 00
00 00 00
00 00 00
00 00 00
00 00 00
00 00 00
00 00 00
00 00 00
00 00 00
00 00 00
00 00 00
00 00 00