00 30 00
00 00 00
00 00 00
00 00 00
00 00 00
00 00 00
00 00 00
00 00 00
00 08 00
00 00 00
00 00 00
00 00 00
00 00 00
00 00 00
00 00 00
00 00 00
00 00 00
00 00 00
00 00 00
00 00 00
00 00 00
00 00 00
00 00 00
03 00 03
09 00 09
09 00 09
09 00 09
09 00 09
09 00 09
09 00 09
09 00 09
00 00 00
00 00 00
00 00 00
00 00 00
00 00 00
00 00 00
00 00 00
00 00 00
00 00 00
00 00 00
00 00 00
00 00 00
00 00 00
00 00 05
00 00 09
00 00 09
00 00 09
00 00 00
00 00 00
00 00 00
00 05 00
00 79 10
00 79 00
00 79 10
00 00 00
00 00 10
00 00 00
00 00 10
00 00 00
00 00 10
00 00 00
00 00 10
00 00 00
00 00 10
00 00 00
03 00 10
09 00 00
09 00 10
09 00 00
09 00 00
09 00 00
09 00 00
09 03 00
00 09 00
00 09 00
00 09 00
00 09 00
00 09 00
00 09 00