00 00 00
00 00 00
00 00 00
00 00 00
00 00 00
00 00 00
00 00 00
00 00 00
00 00 00
00 00 00
00 00 03
00 00 09
00 00 09
00 00 09
00 00 09
00 00 09
00 00 09
01 00 09
09 00 00
09 00 00
09 00 00
09 00 00
09 00 00
09 00 00
22 00 00
09 00 00
29 03 00
09 09 00
29 09 00
09 09 00
29 09 00
09 09 00
00 09 00
00 09 00
00 00 00
00 00 00
00 00 00
00 00 00
00 00 00
00 50 00
00 00 00
00 00 00
00 03 00
00 29 00
00 09 00
00 29 00
00 09 00
00 29 00
00 09 00
00 29 00
00 00 00
00 00 00
00 00 00
00 00 00
00 00 00
00 00 00
00 00 00
00 00 00
00 00 00
00 00 00
00 00 00
00 00 00
00 00 00
00 00 00
00 00 00
00 00 00
00 00 00
00 00 00
00 00 00
00 00 00
00 00 00
00 00 00
00 00 00
03 00 00
29 00 00
09 00 00
29 00 00
09 00 00
29 00 00
09 00 00