00 00 01
00 00 09
00 00 09
00 00 09
00 00 09
00 00 09
00 00 09
00 00 22
00 00 09
00 00 29
00 00 09
00 00 29
00 00 09
00 00 29
00 00 09
00 00 00
00 00 00
00 00 00
00 00 00
00 00 00
00 00 00
00 00 00
00 00 00
00 00 00
00 00 00
00 00 00
00 00 00
00 00 00
00 00 00
00 00 00
00 50 00
00 00 00
00 00 00
03 03 00
09 09 00
09 09 00
09 09 00
09 09 00
09 09 00
09 09 00
09 09 00
00 00 00
07 00 00
00 00 00
00 00 00
00 00 00
00 00 00
00 00 00
00 00 00
00 00 00
00 00 00
00 00 00
00 00 00
00 00 00
00 00 00
00 00 014
00 00 29
00 00 09
00 00 29
00 00 09
00 00 29
00 00 09
00 00 29
00 00 09
00 00 29
00 00 09
00 00 29
00 00 09
00 00 29
00 00 09
00 00 29
00 00 09
00 014 29
00 09 09
00 09 29
00 09 09
00 09 29
00 09 09
00 09 09
00 09 00