00 00 00
00 00 00
00 00 00
00 00 00
00 00 00
00 00 00
00 00 014
10 00 09
00 00 09
10 00 09
00 00 09
10 00 09
00 00 09
10 00 09
00 00 09
10 00 09
00 00 09
10 75 09
00 79 09
00 79 09
00 79 09
00 00 09
00 00 09
00 00 09
00 00 09
00 00 09
00 00 09
00 00 09
00 00 09
00 00 09
00 00 00
00 00 00
00 00 00
00 00 00
00 00 00
00 00 00
00 00 00
00 03 00
00 09 00
00 09 03
00 09 09
00 09 09
00 09 09
00 09 09
00 09 09
00 00 09
00 00 09
00 00 00
00 00 00
00 00 00
00 00 00
00 00 00
00 00 00
00 00 00
00 00 00
00 00 00
00 00 00
00 00 00
03 00 00
09 00 00
09 03 00
09 09 00
09 09 00
09 09 00
09 09 00
09 09 00
00 09 00
00 09 00
00 00 00
00 00 00
00 00 00
00 00 00
00 00 00
00 00 00
00 00 00
00 00 00
00 00 00
00 00 00
00 00 00
00 00 00