00 00 00
00 00 00
00 00 00
00 00 00
00 59 00
00 09 00
00 19 00
09 09 00
09 19 00
09 09 09
00 19 09
00 00 09
00 10 00
00 00 00
00 10 00
00 00 00
10 00 00
00 00 00
10 00 00
00 00 00
10 00 00
07 00 10
10 00 00
00 00 10
10 00 00
00 00 10
10 00 07
00 00 10
10 00 00
00 00 10
10 00 00
00 00 00
10 00 00
00 00 00
00 00 00
00 00 00
00 00 00
00 00 00
00 00 00
00 00 00
00 00 00
00 00 00
00 00 00
00 00 00
00 00 00
00 00 00
00 00 00
00 00 00
00 00 00
00 00 00
00 00 00
00 00 00
00 00 00
00 03 00
00 09 00
00 09 00
00 09 00
00 09 00
00 09 00
00 09 00
00 09 00
00 00 00
00 00 00
00 00 00
00 00 00
00 00 00
00 00 00
00 00 00
00 00 00
00 00 00
00 00 00
00 00 00
00 00 00
00 00 00
00 00 00
00 00 00
00 00 00
00 00 00
00 00 00
00 00 00