00 00 00
00 00 00
00 00 00
00 00 00
00 01 00
00 09 00
00 09 00
00 09 00
00 09 00
00 09 00
00 09 00
00 00 00
00 22 00
00 09 00
00 29 00
09 09 09
09 29 09
09 09 09
09 29 09
09 09 09
09 00 09
09 00 09
00 00 00
00 00 00
00 00 00
00 00 00
00 00 00
00 00 00
00 00 00
00 00 00
00 30 00
00 00 00
05 00 00
79 00 00
79 00 00
79 00 00
00 00 00
00 00 00
00 06 00
00 00 00
00 00 00
00 00 00
00 00 00
00 00 00
00 00 00
00 00 00
00 00 00
00 00 00
00 00 00
00 00 00
00 00 00
00 00 00
00 00 00
00 00 00
00 00 00
00 00 00
00 00 00
00 00 00
00 00 00
00 00 00
00 00 00
00 00 00
00 00 00
00 00 00
00 00 00
00 00 00
00 00 00
00 00 00
03 00 00
09 00 00
09 00 00
09 00 00
09 00 00
09 00 00
09 00 03
09 00 09
00 00 09
00 00 09
00 00 09
00 00 09