00 00 00
00 00 00
00 00 00
00 00 00
00 01 00
00 09 00
00 09 00
00 09 00
00 09 00
00 09 00
00 09 00
00 00 00
00 22 00
00 09 00
03 29 03
09 09 09
09 29 09
09 09 09
09 29 09
09 09 09
09 00 09
09 00 09
00 00 00
00 00 00
00 00 00
00 00 00
00 00 00
00 00 03
00 00 09
00 50 09
00 00 09
00 00 09
05 00 09
09 00 09
09 00 09
09 00 00
00 00 00
00 00 00
00 00 00
00 00 00
00 00 00
00 00 00
00 00 00
00 00 00
00 00 00
00 00 00
00 00 00
00 00 00
00 00 00
00 00 00
00 00 00
00 00 03
00 00 09
00 00 09
00 00 09
00 00 09
00 00 09
00 00 09
00 00 09
00 00 00
00 00 00
00 00 00
03 00 00
29 00 00
09 00 00
29 00 00
09 00 00
29 00 00
09 00 00
29 00 00
00 00 00
00 00 00
00 00 00
00 00 00
00 00 00
00 00 00
00 00 00
00 00 00
00 00 00
00 00 00