00 00 00
00 00 00
00 00 00
00 00 00
00 00 00
00 00 00
00 00 00
00 00 00
00 00 00
00 74 00
00 79 00
00 79 00
00 79 00
00 00 00
00 00 00
00 00 10
00 00 00
00 00 10
00 00 00
00 00 10
00 00 00
00 00 10
00 00 00
00 00 10
00 00 00
00 00 10
00 00 00
00 30 10
00 00 00
00 00 18
00 00 00
00 00 10
00 00 00
00 00 00
00 00 00
00 06 00
00 00 00
10 00 00
00 00 00
10 00 00
00 00 00
10 00 00
00 00 00
10 00 00
00 00 00
10 00 00
00 00 00
05 00 00
09 00 00
09 00 00
09 00 10
00 00 00
00 00 10
00 00 00
00 00 10
00 00 00
00 06 17
00 00 00
00 00 10
00 00 00
00 00 10
00 00 00
00 00 10
00 00 00
00 10 00
00 00 00
10 00 00
00 00 00
10 00 00
00 00 00
10 00 00
07 00 00
10 00 00
00 00 00
10 00 00
00 00 00
10 00 00
00 00 00
00 00 00
00 00 00