00 00 00
00 00 00
00 00 00
00 00 00
10 00 00
00 00 00
10 00 00
00 00 00
18 00 00
00 00 00
10 00 00
00 00 00
10 00 00
00 00 00
10 00 00
00 00 00
10 00 00
00 00 00
00 00 00
00 00 00
00 00 00
00 00 00
50 00 00
00 00 00
00 00 00
00 00 00
00 00 00
00 00 00
00 75 00
00 79 00
00 79 00
00 79 00
00 00 00
00 00 00
00 00 00
00 00 00
00 00 00
00 00 00
00 00 00
00 00 00
00 00 00
00 00 10
00 00 00
00 00 10
010 00 00
00 00 10
010 00 00
00 30 10
00 00 00
00 00 10
00 00 00
00 00 00
00 00 00
00 00 00
00 00 00
00 06 00
00 00 00
00 00 00
00 00 00
10 00 10
00 00 00
10 00 10
00 00 00
10 00 30
00 00 00
10 00 00
00 00 00
10 00 00
00 00 00
10 00 00
00 00 00
18 00 06
00 00 00
10 00 00
00 00 00
10 00 00
00 00 00
00 00 00
00 00 00
00 00 00