00 00 00
00 00 00
00 00 00
00 00 00
00 00 00
00 00 00
00 00 00
00 00 00
04 00 04
09 00 09
09 00 09
09 00 09
00 00 00
00 00 00
00 00 00
00 00 00
00 00 00
00 00 10
00 00 00
00 00 10
00 00 00
00 00 10
00 00 00
00 00 10
00 00 00
10 00 10
00 00 00
10 00 10
00 00 00
00 00 10
30 00 00
00 00 10
00 75 00
00 79 10
00 79 00
00 79 10
00 00 00
00 00 10
06 00 07
00 00 10
00 00 00
00 00 10
00 00 00
00 00 10
00 00 00
00 10 00
00 00 00
00 10 00
00 00 00
10 00 00
00 00 00
10 00 00
00 00 00
10 00 00
00 00 00
10 00 00
00 00 50
10 00 00
00 00 00
10 00 00
00 00 00
00 00 00
30 00 00
00 00 00
00 00 00
00 00 00
00 00 00
00 10 00
00 00 00
00 10 00
06 00 08
00 10 00
00 00 00
00 10 00
00 00 00
00 00 00
00 00 00
00 00 00
00 00 00
00 00 00