00 00 00
00 00 00
00 00 00
00 00 00
00 00 00
00 00 00
00 00 00
00 00 00
00 00 00
00 74 010
00 79 00
00 79 00
00 79 00
00 00 00
00 00 00
00 00 00
00 00 00
00 00 00
10 00 00
00 00 00
10 00 00
00 00 00
10 00 00
00 00 00
10 00 00
00 00 00
10 00 00
00 00 00
10 00 00
00 00 00
00 10 00
00 00 00
00 10 00
00 00 00
75 10 00
79 00 00
79 30 00
79 00 00
00 00 00
00 00 00
00 00 00
00 00 00
00 00 00
00 00 00
00 08 06
00 00 00
00 00 00
00 00 00
00 00 00
00 00 00
00 00 00
00 00 10
00 00 00
00 00 10
00 00 00
00 00 10
00 00 00
00 00 10
00 00 00
00 00 10
00 00 00
07 00 10
00 00 00
00 00 10
00 00 00
00 10 00
00 00 00
00 10 00
00 00 00
00 10 00
00 00 00
00 17 00
00 00 00
00 10 00
00 00 00
00 10 00
00 00 00
00 00 00
00 00 00
00 00 00