00 00 00
00 00 00
00 00 00
00 00 00
00 00 00
00 00 00
00 02 00
00 09 10
00 09 00
00 09 10
00 09 00
00 09 10
00 09 00
00 09 10
00 00 00
00 00 10
00 00 00
00 00 00
00 10 00
00 00 00
00 10 00
00 00 00
00 10 00
00 00 00
00 10 00
00 00 00
00 10 00
00 00 00
00 10 00
00 00 00
00 10 00
00 00 00
00 10 00
00 00 00
00 10 00
00 00 00
00 10 00
00 00 00
00 10 00
00 00 00
00 10 00
00 00 00
00 00 00
00 00 00
00 00 00
00 00 00
02 02 01
09 09 09
09 09 09
09 09 09
09 09 09
09 09 09
09 09 09
09 09 22
00 00 09
00 00 29
00 00 09
00 00 29
00 00 09
00 00 29
00 00 09
00 00 22
00 00 09
00 00 29
00 00 09
00 00 29
00 00 09
00 00 09
00 00 09
00 00 00
00 00 00
06 00 00
00 00 00
00 50 00
00 00 00
00 00 00
00 00 00
00 00 00
00 00 00
00 00 00