00 00 00
00 00 00
00 00 00
00 00 00
00 00 00
00 00 00
00 00 00
00 00 00
00 010 010
00 00 00
00 00 00
00 00 00
00 10 00
00 00 00
00 10 00
00 00 00
30 10 00
00 00 00
00 00 00
00 00 00
00 00 00
00 00 00
00 00 00
00 00 00
08 00 00
00 00 00
00 00 00
00 00 00
00 00 00
00 00 00
00 00 00
00 00 00
00 00 00
00 00 00
00 00 00
00 00 00
00 00 00
00 00 00
00 00 00
00 00 00
50 10 00
00 00 00
00 10 00
00 00 00
00 17 07
00 00 00
00 10 00
00 00 00
00 10 00
00 00 00
00 10 00
00 00 00
00 10 00
00 00 00
00 10 00
00 00 00
00 10 00
00 00 00
00 10 00
00 00 00
10 00 00
00 00 00
10 00 00
00 00 00
10 00 00
00 00 00
10 00 00
08 07 08
10 00 00
00 00 00
10 00 00
00 00 00
10 00 00
00 00 00
00 00 00
10 00 00
00 00 00
00 00 00
00 00 00
00 00 00