00 00 00
00 00 00
00 00 00
00 00 00
00 00 00
00 00 00
00 00 00
00 00 00
00 00 00
06 00 010
00 00 00
00 00 00
00 00 00
00 00 00
00 00 10
00 00 00
00 00 10
00 00 00
00 00 10
00 00 00
00 00 10
00 00 00
00 00 10
00 00 00
00 10 00
00 00 00
00 10 00
00 00 00
00 10 00
00 00 00
00 10 00
011 00 06
00 10 00
00 00 00
00 10 00
00 00 00
00 10 00
00 00 00
00 00 00
00 00 00
00 00 00
00 00 00
00 00 00
00 30 00
00 00 00
00 00 00
00 00 00
00 00 00
00 00 00
00 00 00
00 00 00
07 06 00
00 00 00
00 00 00
00 00 00
00 00 00
00 00 00
00 00 00
00 00 00
00 00 10
00 00 00
00 00 10
00 00 00
00 00 10
00 00 00
00 00 10
00 00 00
00 00 10
00 00 00
00 00 10
00 00 00
00 010 17
00 00 00
00 00 10
00 00 00
00 00 10
00 00 00
00 00 10
00 00 00
00 00 00