30 00 00
00 00 00
00 00 00
00 00 00
00 00 00
00 00 00
00 00 00
00 00 00
08 010 08
00 00 00
00 00 00
00 00 00
00 00 00
00 00 00
00 10 00
00 00 00
00 10 00
00 00 00
00 10 00
00 00 00
00 10 00
00 00 00
00 10 00
00 00 00
00 00 10
00 00 00
00 00 17
00 30 00
00 00 10
00 00 00
00 00 00
00 00 00
00 00 00
00 00 00
00 00 00
00 06 00
00 00 00
00 00 00
00 00 00
00 00 00
10 00 00
00 00 00
10 00 00
00 00 00
10 00 00
08 00 07
10 00 00
00 00 00
10 00 00
00 00 00
10 00 00
00 00 00
10 00 00
00 00 00
10 00 00
00 00 00
10 00 00
00 00 00
00 10 00
00 00 00
00 10 00
00 00 00
00 10 00
00 00 00
00 10 00
00 00 00
00 10 00
00 00 00
00 00 00
00 00 00
00 00 00
010 07 010
00 00 00
00 00 00
00 00 00
00 00 00
00 00 00
00 00 00
00 00 00
00 00 00