04 00 00
09 00 00
09 00 00
09 00 00
00 00 00
00 00 00
10 00 00
00 00 00
10 00 06
00 00 00
10 00 00
00 00 00
00 00 10
00 00 00
00 00 10
00 00 00
06 50 10
00 00 00
00 00 10
00 00 00
10 00 00
00 00 00
10 00 00
00 00 06
10 00 00
00 00 00
00 10 00
00 00 00
00 10 00
02 00 00
09 10 00
09 00 00
09 10 00
09 00 00
09 10 00
09 00 00
09 10 00
00 00 00
00 10 00
00 00 00
00 10 00
00 00 00
00 10 00
00 00 00
00 00 02
00 00 09
00 00 09
00 01 09
00 09 09
01 09 09
09 09 09
09 09 09
09 09 02
09 09 09
09 22 09
09 09 09
02 29 09
09 09 09
09 29 09
09 09 09
09 29 02
09 09 09
29 02 29
09 09 09
22 09 29
09 09 09
29 09 29
09 09 09
29 09 00
09 09 00
29 00 00
09 00 00
00 06 00
00 00 00
06 00 00
00 00 00
00 00 00
00 00 00
00 00 00
00 00 00