00 00 00
00 00 00
00 00 00
10 00 00
00 00 00
10 00 00
00 00 00
10 00 00
07 00 08
10 00 00
00 30 00
10 00 00
00 00 00
10 00 00
00 00 00
00 00 00
00 00 00
00 00 00
00 06 00
00 00 00
00 00 00
00 00 50
00 00 00
00 00 00
00 10 00
00 00 00
00 10 00
00 00 00
00 10 00
00 00 00
00 10 00
00 00 00
00 10 00
00 00 00
00 10 00
00 00 00
00 10 00
00 00 00
00 10 00
011 00 08
00 10 00
00 00 00
00 10 00
00 00 00
10 00 00
00 00 00
10 00 00
00 00 00
10 00 00
00 00 00
10 00 00
00 00 00
00 00 00
00 00 00
00 00 00
00 00 00
00 00 00
00 00 00
00 07 00
00 00 00
00 00 00
00 00 00
00 00 00
00 00 00
00 00 00
00 00 00
00 00 00
00 00 00
00 00 00
00 00 00
010 00 010
00 00 00
00 00 00
00 00 00
00 00 00
00 00 00
00 00 00
00 00 00
00 00 00
00 00 00