00 00 00
00 00 00
00 00 00
00 00 00
00 00 00
00 00 10
00 00 00
010 06 17
00 00 00
00 00 10
00 00 00
00 00 10
00 00 00
00 00 10
00 00 00
00 00 10
00 00 00
00 00 10
00 00 00
00 00 00
00 00 00
00 00 00
00 00 00
00 00 00
00 02 02
00 09 09
00 09 09
00 09 09
00 09 09
00 09 09
00 09 09
00 09 09
00 00 00
00 00 00
00 00 00
10 00 00
00 00 00
10 00 10
00 00 00
10 00 10
00 00 00
10 00 10
00 00 00
10 00 10
00 00 00
10 00 10
00 00 00
10 00 10
00 00 00
10 50 10
00 00 00
10 00 10
00 00 00
10 00 10
00 00 00
10 00 10
00 00 00
10 00 10
00 00 00
10 00 10
00 00 00
10 00 00
00 00 00
00 00 00
08 00 00
00 00 00
00 00 00
00 00 00
00 00 00
00 00 00
00 00 00
00 00 00
00 00 00
00 00 00
00 00 00
00 00 00
00 00 00
00 00 00
00 00 00
00 00 00