00 00 00
00 00 00
00 00 00
00 00 00
00 00 00
00 00 00
00 00 00
010 06 06
00 00 00
00 00 00
00 00 00
00 00 00
00 00 00
10 00 00
00 00 00
10 00 00
00 00 00
10 00 00
00 00 00
10 00 00
00 00 00
10 00 00
00 00 00
10 00 00
00 00 00
10 00 00
00 010 010
10 00 00
00 00 00
10 00 00
00 00 00
10 00 00
00 00 00
10 00 00
00 00 00
10 00 00
00 00 00
10 00 00
00 00 00
10 00 00
00 00 00
10 00 00
00 00 00
10 00 00
00 00 00
00 00 00
00 00 00
00 00 00
00 00 00
00 00 00
00 00 00
00 00 00
00 00 00
30 00 00
00 00 00
00 00 00
00 10 00
00 00 00
00 00 00
00 10 00
00 00 00
06 18 02
00 00 09
00 10 09
00 00 09
00 10 09
00 00 09
00 10 09
00 00 09
00 10 00
00 00 00
00 10 00
00 00 00
00 10 00
00 00 00
00 10 00
00 00 00
00 00 00
00 00 00
00 00 00