00 00 00
00 00 00
00 00 00
00 00 00
00 00 00
00 00 00
00 00 00
00 00 00
00 00 00
00 30 00
00 00 00
00 00 00
00 00 00
00 00 00
00 00 00
00 00 00
00 00 00
010 06 010
00 00 00
00 00 00
00 00 00
00 00 00
00 00 00
00 00 00
00 00 00
00 00 00
10 00 10
00 00 00
10 00 10
00 00 00
10 00 10
00 00 00
10 00 10
00 00 00
10 00 10
00 00 00
10 00 10
00 00 00
10 00 10
00 00 00
10 00 10
00 00 00
10 00 10
00 00 00
00 00 00
00 10 00
00 00 00
00 10 00
00 00 00
00 10 00
00 00 00
00 10 00
00 00 00
00 10 00
00 00 00
00 10 00
00 00 00
00 00 00
00 00 00
00 00 00
00 00 00
06 010 06
00 00 00
00 00 00
00 00 00
00 00 00
10 00 10
00 00 00
10 00 10
00 00 00
10 00 10
00 00 00
10 00 10
00 00 00
00 00 00
00 00 00
00 00 00
00 00 00
00 00 00
00 00 00