00 00 00
00 00 00
00 00 00
00 00 00
00 00 00
00 00 00
00 00 00
00 00 00
00 00 00
00 00 00
00 04 00
00 09 00
01 09 02
09 09 09
09 00 09
09 00 09
09 00 09
09 00 09
09 00 09
09 00 09
02 00 00
29 00 00
09 00 00
29 00 00
09 00 00
29 00 00
09 00 00
29 00 00
02 00 00
29 00 00
09 00 00
29 00 00
09 00 00
49 00 00
09 00 00
00 00 00
00 00 00
00 00 00
00 00 00
00 00 00
00 00 00
00 00 00
00 00 00
00 00 00
02 00 00
09 00 00
09 00 00
29 00 00
09 00 00
29 00 00
09 00 00
09 04 04
00 79 79
00 79 79
00 79 79
00 00 00
00 00 00
00 00 00
00 00 00
00 00 00
00 00 00
00 00 00
00 00 00
00 00 00
00 00 00
00 00 00
04 50 00
79 00 00
79 00 04
79 00 79
00 00 79
00 00 79
00 00 00
00 00 00
00 00 00
00 00 00
00 00 00
00 00 00
00 00 00
00 00 00