00 00 00
00 00 00
00 00 00
00 00 00
00 00 00
00 00 00
00 00 00
00 00 00
00 00 00
00 00 00
00 08 00
00 00 00
00 00 00
00 00 00
00 00 00
00 00 00
00 00 00
00 00 00
10 00 10
00 00 00
10 00 10
00 00 00
10 50 10
00 00 00
17 00 17
00 00 00
10 00 10
00 00 00
10 00 10
00 00 00
00 00 00
00 30 00
00 00 00
00 00 00
00 00 00
00 00 00
00 00 00
00 00 00
00 00 00
00 06 00
00 00 00
00 00 00
00 00 00
00 00 00
00 00 00
00 00 00
00 00 00
00 00 00
00 00 10
00 00 00
00 00 10
00 00 00
00 00 10
00 00 00
00 00 10
00 00 00
00 00 10
00 00 00
00 00 10
00 00 00
00 00 10
00 00 00
00 00 10
00 00 00
00 00 10
00 00 00
00 00 10
00 00 00
00 00 10
07 06 00
00 00 10
00 00 00
00 00 00
00 00 00
00 00 00
00 00 00
00 00 00
00 00 00
00 00 00
00 00 00