00 00 00
00 00 00
00 00 00
00 00 00
00 00 00
00 00 00
00 00 00
00 00 00
00 00 00
00 00 00
00 00 00
00 00 00
00 00 00
00 00 00
00 00 00
00 00 00
00 00 00
00 00 00
00 00 00
00 00 00
00 00 00
00 00 00
00 00 00
00 00 00
00 00 00
00 00 00
00 00 00
10 00 00
00 00 00
10 00 00
00 00 00
10 00 00
00 010 010
10 00 00
00 00 00
10 00 00
00 00 00
10 00 00
00 00 00
10 00 00
00 00 00
10 00 00
00 00 00
10 00 00
00 00 00
00 00 00
00 00 00
00 00 00
00 00 00
00 00 00
00 00 00
07 00 00
00 00 00
00 00 00
00 00 00
00 00 10
00 00 00
00 00 10
00 00 00
00 00 10
00 00 00
30 00 10
00 00 00
00 00 10
00 00 00
00 00 10
00 00 00
00 00 10
00 00 00
06 06 10
00 00 00
00 00 10
00 00 00
00 00 10
00 00 00
00 00 00
00 00 00
00 00 00
00 00 00
00 00 00