00 00 00
00 00 00
00 00 00
00 00 00
00 06 00
00 00 00
00 00 00
00 00 00
00 00 00
00 00 00
02 00 02
09 00 09
09 00 09
09 00 09
09 00 09
09 00 09
09 00 09
00 00 00
00 00 00
00 00 00
00 00 00
00 00 00
00 00 00
00 30 00
00 00 00
00 00 00
00 00 00
00 00 00
00 00 00
00 00 00
00 00 00
00 08 00
00 00 00
00 00 00
00 00 00
00 00 00
00 00 00
00 00 00
00 00 00
10 00 00
00 00 00
10 00 00
00 00 00
10 02 00
00 09 00
10 09 00
00 09 00
10 09 00
00 09 00
10 09 00
00 09 00
10 00 00
00 00 00
10 00 00
00 00 00
10 00 00
00 00 00
10 00 00
00 00 00
00 10 00
00 00 00
00 00 00
00 00 00
00 00 00
00 00 00
00 00 00
07 00 00
00 50 00
00 00 00
00 00 04
00 00 79
00 00 79
00 00 79
00 00 00
00 00 00
00 00 00
00 00 00
00 00 00
00 00 00
00 00 00