00 00 00
00 00 00
00 00 00
00 00 00
00 00 00
00 00 00
00 00 00
00 00 00
00 00 00
00 00 00
010 010 00
00 00 00
00 00 00
00 00 10
00 00 00
00 00 10
00 00 00
00 00 10
00 00 00
00 00 10
00 00 00
00 00 10
00 00 00
00 00 10
00 00 00
00 00 10
00 00 00
00 00 10
00 00 00
00 00 10
00 00 00
00 30 00
00 00 00
00 00 00
00 00 00
00 00 00
00 00 00
00 00 00
00 00 00
00 06 06
00 00 00
00 00 00
00 00 00
00 00 00
00 00 00
00 00 00
00 00 00
00 00 00
00 00 00
00 00 00
10 00 00
00 00 00
10 00 50
00 00 00
10 00 00
00 00 00
10 00 00
00 00 00
10 00 00
00 00 00
10 00 00
00 00 00
10 00 00
00 00 00
10 00 00
00 00 00
10 00 00
00 00 00
00 00 00
00 00 00
07 010 07
00 00 00
00 00 00
00 00 00
00 00 00
00 00 00
00 00 00
00 00 00
00 00 00
00 00 00